11265
1252
11222
920
11178
1060
11235
1184
11306
956
444
1126
10977
510
958
11283
407
798
11265
389
328
336
340
341
316
303
350
344
347
288
339
355
318
305
301
312
323
287
290
301
306
353
322
413
346
503
346
330
338
330
381
331
389
347
425
399
372
426
316
350
372
319
338
407
340
360
325
331
374
378
356
380
320
384
344
407
291
325
298
280
833
325
337
374
413
483
466
473
333
372
486
509
489
395
590
597
355
307
301
354
666
697
719
585
596
527
411
319
359
393
447
472
460
495
455
299
313
327
328
347
323
354
360
367
313
390
385
473
443
426
409
384
366
291
387
415
365
299
334
315
333
309
344
328
378
309
314
309
299
298
304
322
308
321
323
1487
367
320
279
333
404
843
919
407
473
472
876
468
768
849
631
616
328
300
312
342
376
351
451
338
340
785
303
372
704
362
363
383
313
370
380
358
324
308
424
307
316
364
348
403
412
392
489
438
361
324
368
438
421
444
446
430
317
545
409
431
342
390
329
308
338
449
502
390
419
730
401
748
620
511
480
363
370
390
383
305
294
355
309
306
294
318
381
303
313
325
333
424
435
376
400
374
614
601
337
592
582
578
754
532
738
1176
1099
1005
1279
1083
982
1031
734
329
437
413
430
1374
1356
780
327
522
523
509
539
528
1244
1189
511
1106
422
291
305
317
302
316
358
379
370
400
