27544
21032
20240
23320
26048
11220
21076
9768
24772
8954
17556
8558
7216
7392
7480
7502
6952
6666
7700
7568
7634
6336
7458
7810
6996
6710
6622
6864
7106
6314
6380
6622
6732
7766
7084
9086
7612
11066
7612
7260
7436
7260
8382
7282
8558
7634
9350
8778
8184
9372
6952
7700
8184
7018
7436
8954
7480
7920
7150
7282
8228
8316
7832
8360
7040
8448
7568
8954
6402
7150
6556
6160
18326
7150
7414
8228
9086
10626
10252
10406
7326
8184
10692
11198
10758
8690
12980
13134
7810
6754
6622
7788
14652
15334
15818
12870
13112
11594
9042
7018
7898
8646
9834
10384
10120
10890
10010
6578
6886
7194
7216
7634
7106
7788
7920
8074
6886
8580
8470
10406
9746
9372
8998
8448
8052
6402
8514
9130
8030
6578
7348
6930
7326
6798
7568
7216
8316
6798
6908
6798
6578
6556
6688
7084
6776
7062
7106
32714
8074
7040
6138
7326
8888
18546
20218
8954
10406
10384
19272
10296
16896
18678
13882
13552
7216
6600
6864
7524
8272
7722
9922
7436
7480
17270
6666
8184
15488
7964
7986
8426
6886
8140
8360
7876
7128
6776
9328
6754
6952
8008
7656
8866
9064
8624
10758
9636
7942
7128
8096
9636
9262
9768
9812
9460
6974
11990
8998
9482
7524
8580
7238
6776
7436
9878
11044
8580
9218
16060
8822
16456
13640
11242
10560
7986
8140
8580
8426
6710
6468
7810
6798
6732
6468
6996
8382
6666
6886
7150
7326
9328
9570
8272
8800
8228
13508
13222
7414
13024
12804
12716
16588
11704
16236
25872
24178
22110
28138
23826
21604
22682
16148
7238
9614
9086
9460
30228
29832
17160
7194
11484
11506
11198
11858
11616
27368
26158
11242
24332
9284
6402
6710
6974
6644
6952
7876
8338
8140
8800

